 36626623246663662214561164441464155156462462651161446546162231546253113341426424
 66434244456424241551664145616355316634261223546514564166666615336321646656324264
 43353231212644566551356366616263526643154256626463526356346256436333631255146615
 56214646655516542125133646536344254651545226262363616262144661315663636456266315
 15434636325346134326253161622463145431352116621243166366456616124556613114665612
 16245113663664332112412662462613536336525623446556616116356436661623565266533366
 61211135666566641226635566136646166161656535411422315165666664662461545426251323
 53251656644422561535366313335512126124616342526662322152465255366261552516666556
 61115355663511436564655534516366316144532613655625312665336356216212655655342634
 55643565323643654132526343445622416655466662256662634656124625166653312261416264
 66645646336136613143252313232666553246162164655151366536652231116422432531215613
 43515312535535366532614625415662142663645411141613264566226615121366663343456451
 66346161661463423363536164632621644653631666221551623622324425512166352446352426
 21612233665345554361444462634565565611366624561121264633615464233634652644212224
 42624124562265456145231542664366462664432651416312635111366636664663435522653414
 16326346233112511644525663333614635561513613164266531221443634316665635236544152
 13125162354114663365111653251351164613142552342111512111336415615416114312641141
 43644116161662532554214561526662255566564663636213523162244622146615464142345155
 16525632324436316656352565262633565266432664625622446616325561146566522611262643
 16556311151155123165156114361661551511636145651361116136615165243225321345134314
 36543433342266533366533356116552426662225435316646412636546424656445566322152645
 65661634466153626466221325522211666651426225516545366322163213263161232154625462
 16141146456115214211424116545656653111641641512234316121115513512212416414555111
 64666662563154366656531326132316666656624331661545526641653664662666462114263256
 26663156456656235163363622236631636235262266162511631222435336312235653261666236
 33255416132153265662261266212234451112114312531326536556361563146251361612155266
 31115633613211135163253461111624125522212634651411136415516511324216431125524615
 32663555546611532416612465266651246425161662134364155224632536543465213212414634
 31152445526463633444664124516152256424165133426662256651232136344365614416642536
 54632654166623343134564461533426163266566466613216555223266536536655624562453664
 41253561344216214666355512611454562651664425335625642323423551126364364645466162
 45666226464465425145531266265351146651626466121634466526435263266164155113625666
 46361144652161666313613264664626646643231336326246446666455636613666212335266163
 46644661464365554564626346245541445134264523366646421355161645666463611363512566
 36564263356645664264322563653515464113336134623242664634331561336636263165546663
 42645266346361344362561345243566643362215643166415664616434612665224344136346366
 54344311611156561124521453213111656411411521511132514563123445633615151143135241
 34313636413266566366414631665631461654414624663622463156134636665652322614263554
 12226633416364662213464623266651162164324143542653122423632626634632453666333411
 12153446521363665133431363633624121364236266456261434452635226526556261616655463
 25163356666531516334335311646211616234622665646561223643636656641664356445246616
 16262564442435524141615321322124154343121364146663154621153316114542154114632521
 41143262533544321546261655146364311626161344666132656145551561131123622656445241
 45341616155161262464661524231264626121626434443512166241554662264265256612355636
 35641626365524133541432566241134521513342114416652615153666162453434656156511365
 66264564364531163466465346466145665334654326336565525351116623421253641263115664
 46263264266536644226245546344616426635353225161513536363126566446233666262662652
 25144356226662615363312562666611425142664552653412633663152653624521616363551611
 63453661155356621611426164165114542141251115611111244254663414261416624135626131
 66614414165514665661465366264262663433631412116665634452366616115441634664165154
 46264333324234661654353663461644654216431643432526153441666663451661634631263345
 41315414364531521613215225541265431211131423616111331253141261144164161144535446
 13142646666213622432656333216161315562361161462525662635246255266654663613141222
 12165661416235622422622126246336546326456162664136316422236161645666424233421123
 54616632646644422254566636132416166662155141462616255656663124623511616411446631
 46133121432624264354125251233266662314346531156564115523635244144264621563566456
 46421613421123542123112452416323366461142164442664215563135611341211315524362562
 34313616611645166231124654143315636326316363612625626364616241633565416335535616
 62231622545641126656462254654614636111265641652636566664362652345246364651655236
 15655314461625331166554551214215113134514111543163141431661421231644435236213622
 31564563556662666554466332625356326666354633223266536552643461422312236531153362
 44122226565526646152624632256464166216665436222126312664621656466266265636452664
 14664365463331256166651526664254654263642265212211665146636344631341534643363564
 63316261125426544626313542111461621536642463356631551134235363364346323463616663
 51663466225544166121456646636225213552363146456356414361253264615162311524551216
 35464412621211616141221666116513463134431561663611632131132114454111554533132323
 36154456662541251336623336562255252516415551666612563125664111536666536314362253
 32534324624666666532552111326541623345636336215666135346361155246563256161622416
 13236666163516355562362463533564616615514165612461516656222461662653434132522666
 31625636665164362524136362466463564346246655363555166116356225463116633626456625
 23434351162631141644225252243615246665664166163256561226443633446425115513411626
 66611444636163634544214555646415365332614413666352663436113653462134214655145662
 41212113361621123434111624312511531151511112125512214416141422416524616611122112
 45616633166456432123124136446664464356666423456566161564346336664321266641366155
 54124556513363625635621646544342654321361526161564255352235652136451566651661631
 56663125612615653622616165151265665266666166655146336234642651556266166664641454
 66112566663636656664553156114543444523312665662466135332233666133414644124563641
 43365511661663134526122562666142362142231221523165166346544341566613626136161466
 15121565212351232533345255314225121311141411634111445313144611422554512153146451
 36566115515666246636235542521514453454134612625416422266346426654211513163244615
 46156612544531142213411635426162666566634316413534664166621426526565561111642214
 13221162134115654522523616636461622621133533331662143434326366346532544116431421
 24156561426353225461661634665646354224365263424153252335624311245566115635166565
 12234616346353121132514322262652165556362236441543614245463546656423253466221265
 55162536614661532156315126246623422565465654136234164566412264535614343641443366
 64253613232515265621125252466266564665316456166561663311456466345634365333232111
 66316353311145621246161214324333365334666113115133133155621464134161461311611524
 42661553523346646615656256343166254221563616612563266125146346163564543644634664
 24235631665463642326513165465616332625163543636256631236666466322513313666152666
 52664663422353433654332236316363453131362416652256662114645664132334463624511635
 25625322161413545263455626112563265616116256432242516361162251566266666514456563
 33563563616656465365246663451644212561651646565334646526664151561636634116666511
 14145644341321413315615514455555252141514141111352154135513312131455446244256415
 54551443163316465332366115156654232365564635663326454355153636353461146542221553
 16644451644661141255221332466626514151234624636644455416656431412626132414666662
 36666644616656141644215515364526525412163156653156561231661442313153251566453666
 35651646663233536655123651246132626613613125466364166353366262364155435636464423
 11445114614133441112565433165366443344145652236251531313122552536264612411124142
 26161513152345365166246341146452361451161324154163621565612551121216415441261661
 63553344633145266236115235334363646164566162611424324146563222565415163661142163
 35131666321461221626115222331663366466326465566551562263336415635565326265634512
 56666322152645313645654446116264262114321465136432126553363262526631352411114646
 46614142352523525542613114311115161414652235511465166461121242142123521145131111
 36666123356665161564612616626623612614241126626666366456231233413664216321213162
 31565411533664254564526546645231316641113461115464135611465221241145155414525253
 56446566226344446654515156663161624564416332666664234642522636121566236663252636
 53646111213115255166666364466324611421531642556266164613342264654615661154322236
 45446662121465166564661223436432265655156125524362651662235666215662366162653262
 66556661466466166316326413632266144633661626635666426251453661664256545536423262
 43651625263352666643415356666653356342651316565351612346334122456363466531366135
 15121143355512442612654614516226142241616511145331526311112634642216261241365222
 25366366664461611646665135666212636666645213363346336641446466663651435155364626
 53446413352236414546254664366243566436655161631365212662236643322255253652644663
 14663166662324531345533626315556144443243464646164536626641416222666262441634633
 16116164235656134654116112564624634543156543456633344344424125461144451225562455
 11334666266646143416522266435125141526346243646366251366333634446512436352555465
 13342364556223263326143326656566623152536441656311115446433312264511653426514344
 45111644164314654632163644466134534621226641226561611214554456121462524561512352
 43454631365266236416656136354516645446466115131661666566425165652515455265661656
 46525556354652132666315163166664645323146445546636666366565564156562615641525416
 66115665434632612112666646316336136614346643133333413266236162664555162665266513
 43252115113162436136334152133231656266161416652616533341545211266216126261166361
 65622216636166116132652661636666466566462366161163361466563552326266134353352362
 11646615162213232634362616645125111662466611233426654235121533243341566561563635
 32254656622245561551526666162555662366161215654631163652551636425644452562266661
 66255423525356143466556665553641665326561326122452436325662356434156135156666625
 46611316523356163565263151142551541611663332241621551115213562551652141415632135
 25335266646135234431613566113624456265142654566142222462362554221136544631361214
 26555663151463465341634654664435213662266234462225316665364636556636145666335446
 66266616313256242646434356623642656641561625631125651265166463561545515616362464
 41151661526114241612412321466113122212315325142244514151131141564126356122146214
 56454511615114516455311615635333312113265115456425365456242116541161411211165141
 11666525146124234465436546445535614565261163515155516563426163653232641156321125
 66544166615263515611625646651326263563463162353634125662556616526666334634661364
 65454531311353252664356655664363621463423541656145463366156416616646216554641455
 13331346211111154514541125162513136313224234333124512115634114431411134661425131
 32244636452236366422211364161264316663546662512353563611221336656646124163353461
 46126242364352346256656163433426321344463111334651646556112453215331666261234622
 15663464631151564664514636226311166336612616166445616361112133141164654144652515
 16135145341554653241555242412132635441165242626134211624654266453126225641213125
 35516214622566661623416526631464255165446626625616146611663643361666533514366646
 52443423616234333165445164661445611143343265616116553353631665455552665213664665
 42666352331165643632543132411154353166333432215411654266326434651366212454665425
 13121643565162136141215663335665266253533233345342362641364652561425666263436253
 11514633231316342126146362226546626363516546462564566436541425366325566332162251
 21553436561236651526352561616666635266146151156121645213263652634454461366463264
 66516115412515252511536315614224114136111262111212356226111543265111611131342512
 31164115162521323414631114255561611311221512134311113113631521611152214264511342
 64615312564666165326646536663221621351426615623345141623512633114231363264655261
 15666346442642365413622316626166565411354446665336621141632442211652666343231654
 45541634666211365565411633621364641123521442561346666162454563266262444516656613
 13621166435644654126466455346536616115656444132433461435252634535536223266662634
 52114622114566232153311251342151212114316166123332112221265464525135511511422156
 61624143623466262153144116436465466663364523343541654465326166534433656232556632
 26355166665556212466411566351553411611661455366524455533361436666666146164632464
 21464111154542441343143425665361531242451145313341165441241116163211455512434112
 11656113124143465444334611312523112623336144414361125515651242643146513511262121
 35616616633231656546121256553665366366643355432215626145612262621646543661524634
 36432232451552635461666652345616653666223266342112262266333634611366126436363563
 63213145331631651652614442611211521624556542636613164536621641612114561445626411
 16362353346346546115252633664664522646163626663564311463652231612165664365244513
 32161356411461661366615431112215515143624113362332334111311642423331133453113356
 33454516663156522626264666225216545125665113654135653432344664631432222622116522
 26551665263665631142224435366421365455164443135241363626455326345162511245556264
 22614442163126526666614451466122362636145356226126626354423424644636634361163164
 65533164336612315361626636135515266466112663134552544426231662426455366546642416
 63125636626162126645421314455324635321323321422366646661325156432254266526562612
 65364326623665163523365333423652311642443631446612246662133411541525661253316366
 23362515145221263661666336156626356521135646665253343165663664521563665361156664
 11325115364646115265623121611222264116635432434254151553654111226146642515162611
 46526114625641555442624643135211253664345631165542644326633353461656213615615562
 55266262416644632543633524262346666664134621413556642313632156654444656441511666
 62113466564351625223166136235623223553322656631553661663515316521165326514466545
 21111251611553552214255624561264415524125213662223641534224454134621432253642114
 13166613362665461444663461611461666656165264643116465634124163253636646556153453
 13115416625232534426465362646166366131632455626262236666144643563565561645426345
 56445441625264544223316641664432466123225644411632353256345666136641262656216261
 35652465265161664662256666516542326466164613661266415363354236452316126566656165
 34454611233261321333112111511213642343516136262335146256331361655123514521441113
 22656614653152664355636114116566654635222426516243646546251626665351162334264621
 64146165156145562561613323614644356356663666334563564625216663236264662246663433
 62263613663116624422635634166456565166455665456121263655354111666466233611356256
 66663311622616646461642166614633512142234325262646633131622314655661263524344446
 42545646666454142162434156413346513266665623226435666265136362243451256636352224
 63612325244366625642535563664254545666413146622565656426615423666465225421423563
 56322612544633561212654125364521542643616461646661656466216566633116316146223111
 66644655523565166636634546156166662456131366616662565141645454242366262232132112
 66664656514136266166213425526654642246166513521436456611353146433646556526661633
 61651666112154431216156656151446424464214411154164662666464436461631352613616316
 65154113456315466434615115646535243643266631466432613423216662565661261264233265
 66631141646116664623632355664323265212315125665366662126665236446266316621516246
 13125114516453211122123164111112334245621615236451664313125221563311113114131615
 16656363226266531652363166166611565434645554336324553652661651626462656533256166
 44632226214366344542314521421364666122132462215651661452514544143654256315436114
 12131211654251455162123555466116223354443262341161363652522423455123611221455565
 46444626163442364654666255645641465666666233351645445253656433562266656661126113
 46364652524663261166654656656133662446521216426535322626514426625152623144665541
 62454324665656364565661351134152326651346623651226614632645442564451464265562663
 64166363626265533563222666146415114642233143615165366565562432233536641254435233
 62546216352564646633646313625214356361125264661543626656242662326346346166545511
 13666624612244166624622565245245425466666263511462654123636352124553342262432566
 65366653516611355612626162231226656634164664621562664662125246134616316615216366
 55634246652654245265146656514351644466254331654463166644514241235563466633126556
 65552133546551336566562163141636413515161646661646616626322315145426224316165261
 42133665115622364166536435253266462666461253361611554326134453312466436544663164
 42563466633253412455322621226543612341144461622156611662664656351465561146221335
 14163262551514543223326241264114514133422513211632365322542252134451123415135131
 12344622146454132245616423336466513165362236531645436266522451432641466562455442
 13612663131163256214264322166116511161413513231164613456166611561616146331154214
 16465464355334334332365464125525453111545261623245464124536216645155221646621335
 62314146551443151662155656612311651456334311121226425313314656154222266631143165
 52623455253162624143146264513421522166564112264666263112462624665163153463662251
 56361425521116625223461141155254223266141163156612251356414233156315213432141131
 66546416243641562334661215322441424264266564633665455466226363425643453421664362
 36566316245566263446662661321423463214236666526653642131252324652162465464445343
 36642666212566665135564236654226163262212351246643512135112424323543663121134131
 62414124356611265453654666362411552153461361366633326616544665642246416444464366
 26561355644441555425351626346116166215612345323654562663626436434355135261613216
 66646326163626353166563664115663666621626112646145624263663363562453535436523426
 11416666216465522165531312543454436436351231122332126266554123611553412546551125
 51416465211662666242526416631415456324144224462425566531313344161633346656316541
 26262222555154246463256261144166664125262666314252466416413121661212621266131456
 15556416611661611162212225262153526451432426511526631243661665346264346461342313
 16423661666424344666626652213443365554644566132431323126331664123561254634446662
 33244166256666136154536162652244456166663551564462644544641154411426316663631366
 63146433436161142663551633162636233166331331344533666663361563416625546663626362
 62461616656326121565554135663132266366355116111166634236635236356265223633543651
 34146622445462311623366552636161564466642361431532151625626536666245121241213356
 63444246221161624426542652166645262625436545526166633111321264624166632465246654
 36346461511162511364433146644446363341312411662611353656554216136453513654632122
 35323361611613551131316611112221162321423415113211441342543116115341522114115436
 25653241651562336412632433216251646162246215346266353426636643636445551462115634
 52223615562154616564632633525113234525263466661656232425666466622363612342332416
 31563262121622146446664636266622161316411462616543533125643535634164624664245621
 63565251534236535126525232633652331156122544416121662514666164316314225361621533
 32662351266616546152661663635216366534552343216224313362565315245116465611632643
 64523662332156656615365366554663344624656263641631456216154552616466655664166153
 16221136463663421426165413426636652655424663235366266636166653636225666255561236
 45521436334536541226644414426313665126652324366362365635366226426126624246565524
 53346166666642443345651536262666222121666663626343641623643231142253333311662526
 13614366522526643366516666136636231556521663566115665554356342365333215364653464
 32516133161215631151511165423131212236635156653161242412345151113336323121126426
 65345563361522156121434656632521344613243214422223366653535616633424641261623645
 63146423123125356644662144446165362334545646563466665212646545364426664561351616
 16336413256665346336666633614655566441655545361324214116466164533566564331166112
 23133663661234514462615113623265566665253366646265466166361616356356663322216135
 65364223214132656555666211123561216622142545633466266221222466511563616153635165
 14125136115156236426333616316121523331351266222115141432314211312646114134166416
 25461631562532136631454263134165534526565656252154121436633331113455334621636633
 34566462635635263625316462254516256616262665414665435263311651666666516664344634
 66164335323412266131626343625353153516346561626632623656251666314565311361342135
 16663516666426666426545561663434213553532464463234111656646212632166442661246453
 63141635645626236163343466424622226221665366212121355513345636141652642361261313
 36616334626523666653162212242564465416661653132136445556662646466136135112325526
 53126616662642545356151312653611212263162356422156154165263563513632236464236333
 41641366636166461564532144666223266235116626565635361515164116425341652643511264
 24664464164636352456533164223624213642242624552626661161413664315661615166545636
 14514654233564243334143616462233664261663251565136433623662114364663662266356651
 23225563613342632226336263651642253623214536632644666514162165313564115451433626
 14644343452213442153511653135145433111556116454163355443156653521241336341215125
 64331646546222256313346362214653366453436241365216532562662366626454616523551361
 32111261415216133424366543563661111241212142166431111155545134156313345652262145
 66515362116634665332121441665524464223423215564316526554542324653364636146625246
 16644321552136365641454345151662651423511115154642121564413612161133414625423121
 45524364654364516262655421144316662326615344615624161543646261156211262625365166
 65541125634132652166252662466246612123525121325423446526656663464566656562663345
 61643526566636415212156346563252336516456453213634141665634251464245212146466643
 56444146455515131542646614661125652365322663465541635625264316664232653152421164
 66641461611516122366565646645364246366366356361516466153646465612632662416345415
 43356634662363565643114646366124451444613142411165465161126622456413164316541551
 21626621623256121321652625663124115666661316216342436522311512122612511531352315
 46411632612114364545611646666533463556646156416151532625423366536664666465335133
 15251621246112611261225151453113522524151113214434451355434145421613412622242115
 65644511325161263645146465616666452633154663662165661636326216143245443121311426
 64146161111615221665261221351111525535156241113113123155114224416313111126231651
 63662513246626651362525541546566156226433225212232413156123162666461344666366422
 52156666366455225241626355226364461266226653464121162636441366636656666565124435
 45636563522515312216156651223666442421663144665665612566511166643264263566155545
 34213253252156365613153151423131661226545163123624342641113431421552541366111414
 52556651225361366544663514654461546423545265213166445616263542626456623531252456
 12552312646131564566132146214114413643231144234613621134165516251654211325142544
 56364664565523511332465313561215234633212653133255415135464424136413623116313536
 61664534165461431633133164346365365636336665631123325624256165534326252141544655
 16551165165441162611113161545345224334244111221522534253341115131515222643166342
 46465132253666246663266616644131666462626125632621136126664466466336516411264365
 61362261521456212652613633451116246365436463414561662364522533546364636666236516
 65624366541625644246236642612552244662446436114531443336426664661356513456366632
 66311152636426455426653511464662423536622654622453251522561151312564556654345463
 26662141245366444112666232662263161364311631564265365216466514122241662664643353
 11411441321622136214313656213413565642615111324246116315221612351156341151213141
 52623656646165323361316442646144335512466266636355365231334231554235464214666623
 53165136543511133562162562363526626531565655656335445515633215166652122516213236
 62433125335645643144215635346125361562225621564611421123546451266255466266346636
 62663346264223146516325341244233331555465116422362224646163466621666445145666135
 56642641216662661625332621634351244421431336435566232324416634646462535666522262
 13235515461165134111665531146151414314154264111512611564562511563223141411111213
 65665545626216532246416531662352646513215125661114645616666123216166466112661661
 64655654555666614644654644133153546234562262162446624316622236463425165315413556
 46661662164644165614335666243166666154353646346126552246664263162666214516434346
 12215214522121215226566522245155216131523145111123112115223122654611154311211224
 36236161564163663662442564626412335143223622161461534613364245366664325566616645
 16366526234662662213653543336626656621644222366521665241564356343225361612142113
 61515553211134255615665161212412653442163111625426215125355636125512112433525411
 43366124611634514126463656636663321132523515165566326524366265416522664245653421
 53134453362643615264561365526654156524143246536256625654435312626661265511464361
 42536161612114153112653111441456132151253464212623121523661145142351416156511113
 26612362426335663643662643653335235355526442126414662156343666361636466344446466
 55153611265115111641514131111616415116136141551646136453553653625446453351441145
 62641426625411266244613166165662165226122653662525265414412666265666611165465546
 56616346545564364255264622466213113636613351666313622313542363563656636164253664
 65426662226466663556465662262521353152263232621366234624143224242556665216411436
 42634336541165332111531461534451633266132141663664646115266624666215626233211566
 63114421313663513215121331411421131413634334615346151225211343456526123656351115
 34251111155523416421111655111614342364412364644511111111621111456625316636333114
 36442435536665661441435461623536562644416366656113256616616363142336666615512413
 26511212236443565354134665645326266316423456635452664444146662516531562636622366
 66223536525665641616113165223261613265636525212362213512234453444652455326646166
 16556663436663261426141644652462456346662561116141645632316555612646426564664566
 64356416253643136661546125565543161632456643345244216122561345544636663666113536
 35131116132516111161345256421335232244261452312512546314351513346614323412142223
 12653411463136136563243556662463646161136342345224541615615143436335446363516231
 64564264661123655311336511424463642466656661355666132662644313616155642646664464
 66466563113364261665151646465614652426631266666666364466336636414556441566446435
 53612644546566244116256122664312663666433213126536545346434154344542465625236162
 55461333641365641611463226126313652164451516263363323644445266463562146226635353
 15661425134663133346256253661251646662514163366622446454644661155655125534153635
 61625311611114411113655263546245431213414416156361151616263221165325166546465434
 54646665321436263163656626563356643532354316335544641633612146134366533154666553
 45131421524521151622236626563111625161253136154141214266146551652461511124122531
 61426445424422661153265611165254215251613345434542151641656364665412562125561144
 31124111146436161241441211213531653314511554464422416621143436534114655134614451
 41643141414466126616532223662656642256216646556541313525113361155362112166643616
 46221622246255664615214166361254165256364361661462113412446455153661526146144213
 23563626664461641612526333643264532624612246333324565326524632465566161264236462
 21451422125255635643653216234341325561113621425212611231165622664444555141323155
 56614233626316153632556613331116116422623644451644111162315426336266361645263266
 66665136561423232156233643262641631444213354566664666163362566661625346562146626
 66215544614462543266644246232652662345625363446656552265211315464616362136463351
 25133644664432113143255114431544351154454221543151416221114161621636414231324132
 23256356665261365246663635442663266625624442461214663355111266516411162536664614
 63531332441312152151323212562232414536663613121235366661651263333666655145446462
 21266264212545134612325162621242251166566653455636156655156163366365245132366162
 66654451466615635351164322226316264541666556233666666426631652461145234162614363
 62133616163232336641446541161326533624532155266163136163212244216511653266616616
 11611222445166626624142132113614116342521436322325142455166361113131322366331514
 33661611656666464446616644135666166246225124164526421314616365363216232634242514
 55565266125644165116262516666233663421223666315115624264662615164445566656666366
 61311666166666233661665545365264324314222161623312366644563161522153565665666236
 56352621236262466656436126641665433624636656116613645456253232665256631516326116
 63131645266456163656126646551466662665413451266555356233266236226314155462521465
 11524134151661422126566131116411663416214214446152142646146116116551412232111626
 34631546456462461532666261363216661645413453511653641666624245624161541666356344
 31626511124615315461561316132565566336441621452216256366211351126641564566643653
 61526436464465252222661454651256232164123461265326465533221235251356661226235666
 25361512635342366265216632526462112162344661126646456352433461662666123411423416
 44161233561546636531662144364111526532116254246122221425654364435311411436643644
 55111414133465216251312216462111612662465145666525566111161211412661141145635621
 11523622652123322446644441333564546126215416646163666323456625361263113654536436
 25656324116545654154432164646642436461161644321636362461665661124662666643465456
 66445544232234632636634262636656412265561624266361363662664642563611566542151616
 35314462165345546614666665655656466146255662555335613662366663622526442242316641
 22661126616266442165322542335466566661562311345455266342565334264154233463516243
 63516656462121436652226461214563653641561662635632643662622462666162231221423116
 62661163222311126232343315615445534633155365316131365515366633565266465124645451
 66356665661156666625336623461436265164544551536412134626264226134642216663645666
 61463261522435611232616213663562631141222354155166261211566655231244256413616526
 34454424322134151566326526566333661433654166563542364256625656345366565264643326
 56163665462315144623532136366235143432166211615316552655563426132464562463563124
 61165535166612646325565624336635643415225165362223661563115661444615426126655666
 44122333121155435211111556244162514131552661545465416665513322512336315614112642
 34523415646232566531322132426662253414166122361233265366522462526166465366535546
 45463445515656554313143625311315145513313112151612221612452613431312653363612163
 36432666262545616215654255555161133223132215666616364611455265361512615135625565
 34125263661436466661313165545316611426626651621511531146614334325456331226366346
 23436416642463121654165615541563145665561646351346654435161251454244624616644661
 65226636655612436121422415114162664666554355516322353414115523613461345663433355
 12643354636326554516266531656426612146542364132462421263261632513626663212524654
 15123342344525116115326461154556362121264146551562325315313112131344313111161256
 33463225636142366646456556515566635356132645665661525562443111613436333416215664
 55424656151141413436666561361655416665662666136462256236365343663662466666462332
 56462426143433633662641616133266146366214546131326423563466626622542562136631163
 24363533325116363542654546655156466641363614642216363646625432361165115415661212
 31324266631166165666336125145231362662565563461266112623536252266456526265445553
 64555626644653621663413156524652426111164562153232462666541145366116126565662115
 33222116112622433445313163263111333643564156433111641341611211333631211636613324
 32666666626154446663666661434166365253144142515565665664626336254662265662653522
 21666361213126516625365562634145234152163465345126655324526133646343442662435146
 24456636642125641215465536234126553355231442136246665346363664442666422555656564
 53616636225662151622166654623246546433255633246331536314666212156121446132355366
 42263662463616412555351465124656266554613263124361625655466165664551241456662416
 62266634632332616622666665125155264656433655646626626614415213622326263446234615
 16566146551133264163346352652443313226163266414123356115262436656261666316156452
 66616425566354263362213126165254645666355263622146361662566215661361215635216323
 51436516526216335455146551463636662632614535461125621666636221126322562154612623
 15465256662664625665162553635365624441436636226615424561663411213556522565326216
 46326325666666244625165516326213245666554243156441256626451362665364141464662536
 43435362321561231534563252325162434153314354466441616335456166221626156463632665
 66621456365216361165635236316166666634663363111126612224254164643546223442653665
 45166464112566652563126314612366664633244413216366661621361536326613136566666635
 24565625666612662164642642534366655436125116265364666143315635523265266666526246
 44546666563335553262152133646523166666634356625343451663166631246144646364266613
 56336534436443346633552166661265121664346212536411666165153162664664226646123654
 52556255464644323635522533621315453466236622343526361453654665442612625466522164
 33661255544361561643313165265656236244626346316462613111636323236642324341362136
 11522565326531335556213232335355426565216662114562412624156513345113633531632411
 41633346211544245431613616246223215541552535242615666266112623243616154336643234
 23442252443666151665411364626211455562635213221216656666456261335664166616231242
 46535362311333633442323245252355126656616132334661613326643261662656556353416164
 44266162411411655522551111625233163113344414513466144156141615214514242624414164
 63562416661422214632235666416265445515564526646332445134664614351631566141634556
 23436135516134136266612165553444616411251164466316116316654316666546565663332362
 51112111321211254232621243361511111311354516534351553611341531533615133614511346
 36236364456634324246632423566543356115452334666363265426665631256666523656344164
 12153142534642446312566414622353466663145522665615154615316535663662265656644524
 32523253226616165214662565236552624241562343142562241326633616162426463616113351
 65626512662612644512163663221366651622622263466656165354666625622663264414644442
 46665465256631136346616364636154654522246131134161651616461316664255462264366665
 62662522642532156614623441336616165346533665163664356513635626535262634213613261
 36466662444126634626436621246323163651265516361663536526534566664261311652611616
 52623666344234553664661162152166262551364616364654244342456655564641661462326665
 16634161655535121216245366366626622322426262613624536366115616561633164164254545
 16624535225115161316115313166461363141612522352422323265664643612321321614142314
 61311161665266532664655563144632663662651566352431136615112565653142336466334566
 62452163321615221454414346616665123231453543265322652315266654556661646312636352
 56566326124462261365115366215442322243645413531566266616636463614626324655236366
 24224616645135426442636552562323634235111614345312464442511643226641241332656416
 56212353446656434456562666531365115333666453415652632221263213623446625562622526
 22233341552143466261636121363264466623661164334252244156165323653534624123456163
 26624433165453625326622266666266151413621456636452444552441266165136431565356325
 51635262216216622554523351262646632541661661563646412636656252244311466466544646
 61264661615622453512351124526416426625115566644215442453115655616562262652646356
 12646346644534514633121364131611115642636211652244556566216261362656231652646253
 36316126146265463265363466364656566511514333661266626254163456336266341663261216
 61615214552514434451441166116115116531321611464133311411321222134121153255324141
 13665626142456251366625566265356544245141316123253145624533251634346654115626234
 41222564112114431436146526442115126265566666442464261652626126626536315165631661
 11465666466261234654553245334364334613643661664261646163666235656351535113162421
 65462662465162616162563662233212642126356666266665234423545155342453411416224212
 34266442246664131462432353664156464331454343655614146264453656616241266633126526
 12131365562543366416262413344256562132512111536511431611345114153461141262245226
 13514651461216656654113331264125465652121142626664214546555266626324525631633612
 12455322131122544126611113253464632415612114362115615116434113511141141242112324
 25136613424114121225453165321132546531112623346512451151612126313261311613341331
 16626621323254513655656414556636631433454661342626413254521414366421665364316561
 32646216251566441436254515454516663563516566424466364644411151646226566545566145
 65361621636622633412356125621516235326412264466626154656446511534255115335663565
 62156623664636354655516366644313526412666253116465155164651362643563662666116146
 54363651616664334622112612626663212566566555211562663163255633354423361246656625
 12311624211544115434551345141651112214136123445312111236153241363623321332116541
 51215123451621213656613114112311433356624121241636631252163334511146142554512116
 13241451115566663616166551662652266333433111661252251136134222441263436646635153
 61463266611654663336123625532651616336126124513146656141613611111634645556226434
 11124265566516661254622633666226231641316161646665356542622533445422552551544432
 56622123216533214442511653225423325641311254514352643632264131462361321446231116
 65661226634664333365353366361331626631624313636166613133663615666662663324616524
 65661166466166656656266651422151631646666665562456266254225323415462451231616153
 63616222653114653616633123636136416421516626465665661163456461221153223124654433
 11111344113114221443144332614215326463213535251535132616116621563432164541315452
 16616626622661455665442413362523423315266366423212646166434616146466116644516636
 12512354134541511411264635531331623161665452633614143641423461652211411346633334
 42436411161156416666134131464261445416536654626616623336416225413245231121112114
 11444324246111545361424426626526554215631542516335466641632664651262644621261613
 52345331511665114366661616611345462224365363663413362362252266645166414132431662
 21346565614561266146452615664625141626411166216614651231611212616611651656666666
 64366356461652552536634423362326656563542526663146621363622644621461634166665362
 42111352545236365351151646464512123162451213142611111114154535141561136161414116
 22233642526343523626536566361223435632664536161453326266135256412264364646555612
 23643445262123332151334111512115312151516121465664121532123224165364355311541441
 64451653316626656325265453521546163161411312266622536265546513422626666616226226
 63312655626166251246146151662626151355646645562665511426465666665612315362636116
 51612552336315666136555646651635626664126646536341216662666642433333644541414346
 51246426313445666243616656213256264135656222616624165662613126136442236641131113
 13261461662665531643536542642123333361466645326363556432616616343562636514235265
 32364565355311566643613236644416546215633453431414665216163534416426163331563644
 23644553126566426426643622265526664451662536461433326611631562461636624266126261
 13364466436565666462616612436561636464326166665523623664146616611646361261656426
 12361665665465551416526523365356415565254623461531463355563331161656365666225366
 36653433656665142661566311646662666221516314611216356266263162256662132653253363
 16136646355462466663656264523644656653466146315264562461143346634511141655665323
 61136234461353633636135524256545546563121146431634636361625561235263414421253346
 21641633411534343664246353616461464556626662326665321646326256225663654543664564
 65361233141662446625261561256566236341545533666642461431545325136654636463661655
 14156124645356235526556645123623226122515232155636564466262463614626166662166561
 31666616255555146644623133666633633633541215621525166362661664156342626646431562
 62132211366664626611564436466626622242261666342232311654613565366463522616534656
 16113354623342212453644626214115125464261635156435132524555211113663312316125162
 16263651611623322664224246666356266464535626146235546254152666615543216666464416
 51166363452342116236115143314222321361641214516432444251623445611141344315156133
 21156342616511636664424233146561615531622663645533165521625664654326411566164536
 35516561241634355215364262635441321211346332111622561221514461524145112146256342
 33165256626212616531136165633326635342344254345326423322624355136554616325641462
 33655156464266253644565252221463656454323643456633311626141166464321653236464366
 26622525535463624611334263522563555626462631322623645353635664342624653656666261
 54112464164516612366564364263346651126525166156265153511221454442543415114622531
 46526531565231365535246536613636661443522235364636554336326512462436666223641344
 11633564435664646636546634156466463631464154556433366262666636664166225632266231
 51366466341126435356632251664132161626653655626445346555644256355456333621313356
 13656434651666343266561611646646134166463563316536415465552345256556326664115166
 26455123356664631652541151556441465116434333635613156263231164134644566223465266
 64312634633235611366261546256125456531113336616135654121146641465256261514315216
 15316313266236644662633363664655415336645656544123215433633426166623466255221533
 32415111232241221551465111252456131641115222254433513424553131135122332155314161
 62235624336544466623232164623661123625246223551543666265556636641322636656125261
 66266643636532653146623635444512432236511364441644536621455626261463144262536613
 66656125526344464616326461352566365366641665234524546366433662631366353433145426
 62622364644126155163435632363262444562266666664364526362536646263653661656535264
 46466531535355632121166651366643561254326643535636636624653646116234555451624416
 61263656133144656333661142462232346525536634331253441545665116343315651654316323
 66633422123656366165152463335513466646652346165663511646263643163656654666666466
 56643652245454642626225265145632525113226663356536352162565356532232554342666443
 66665644562434656624456536562641626422661234561463131114663156141612216222562632
 23124412611523513123634113215311123514166151443145442254515446552232142651135543
 32166541426465622336626642626362466444415345636152633626612631166124464216612516
 12263263356464366634345325566456566114432266625416134565234662641441113222113643
 46214636325412456456666161454631642234156626653526316325463656132255653444341613
 43465233436233456135361634615262531353516531665661421413614533665622263655154643
 65636236561661543662266663446626411223163261345533651656213164635646256564511363
 51645655154436123631566256266563556234631464366562642466466255522444636165525364
 51516456363644161564363144563236261645564656466435654266546651661654433626656621
 15624666564663666323524512363334126415365644232153425666225546141662436223535643
 64664425261165165236242414261411166442156256665416323564164245254216325232226651
 12256566164621232253666111166156264243253635646165454355354152166424641323616615
 42666524122321363666616166166624612663365426546124665514412463664252411252125626
 16656326556154562622646146632552356261156663331413516323365543666616625462635666
 35666116662152142133513155454161156611561116334641331636514323322323513625661366
 34536521253626251543145645114156532463416661616652266652462666641666241146221616
 13511135124611111113111121121633223326232123133135541543155251513146112415111535
 33521126645136554464645666653615166161154556434663366645642222626536533211143442
 61564266362553536362622626162342311636655623365225366556466612643635522224443164
 14461426266364566236451615223664242363123152526343316461123413626146456664136163
 13343455625116623561556162666226554612463263165443466315464326263664623342641364
 34454224545364642244466643663246513225661326663116445321666124664215664625514614
 46361451462651361156446111411664624651616114142246163164134133514162163663316523
 32632435636366616626216546411653656111513433324315136612543621215625665336662213
 15466542133144545334666644154334163656152356632455653556264526226513416645536665
 63636645226231662242236661666435636624345251346464666466455326613664326144166125
 65334162533534622454366665666436162561644216511645263252641564312456544154625611
 36645221266526665631246546236362265616626666656332445221234264364165156636613445
 12333446664414622436413264446221343566365646331563434643216226254524554346163232
 65142452364311663236553561614152655613232553641264132461561165252653366543626134
 46616656666564661226663364166554444432236666466411366526135163446111224124652523
 42564316626363163265566164345521661412314232436656426335661542636666126432565462
 23156644616663652663626665444566163656346236534613264663536115615162635651623364
 13261553354134544646543524154524634161436631315661544126523165566166222615145635
 61312154462131146656251664446126156254622624126625633611344256153661352554155146
 22122146563361666614162466263155256462331666644535233462221436143611143121664456
 61321433515311512615111216634543115252533314564154616626612366161515111432211626
 36533424664664656566653265461354326656246635222161665215644661332116123666321526
 16326614313435546456646662643623455446666332115652555534616162436163662515616363
 46312662661633542636266666416662612161346343516613622666641436526624641664245235
 26566552515466251645634351164525465242423151165141633266265646365612153366366662
 44263211165614315512141115514112431152361153624416113113654454631141416624311151
 62463161546344562543535366365364444643626643411564636556466236562265456353614663
 65333163666555663431355536225453265514664541326552566353265632151621216664615663
 22656265641155136151145435223426124144632131644563511454316151654461255462556346
 26114535433632311536315514531444454231115411142126161141434511351114226161364611
 46646112563642154616536566366354346141321624621462244123641665231135266241542662
 25426613663315411226142116365466231111466636461413216426245613626626665646566536
 56521345135326161666453322265663635661464225635124651212421126412161146451253654
 31152314325255465461335342531243451623355214163633111635221255624126455311116413
 23111543112565311356221232213516211315115365136165111144364156611141652511325344
 66515254653654652156432665433162132556244421616223156335661366412666562234235146
 54266666636566654433646261665432142622665454331664356166244616112314564231553642
 55163516266111321666211256532641551131161111132232253312365562141165114115131455
 14455615515112211122533351536341115616466316521132216645121665611561441411464511
 31126532121521511155136215665111115161363556141246162114613514125544614313311335
 66666461652555343144565246313142631666663131664166546253163416562551346653631246
 12626226561436614131615211314225421443422416316112214124156511364441114465325245
 66463121163242626131616543366266126336436653145651631664234152663516451445651446
 41531144541646216655111666643466541655221365225213613663556626562656361436142552
 33332666461241335255216214461564126266235251364621541462621166466326132556666266
 44312564513343364266344123642656316556126353662211144556642236156624526353633654
 66334231353256142514341614161466322644661216222462625166566635566653242362113242
 43142611464132626343461562125241455536665166362125454423624331465146626436355566
 23554136461526234225156614352163341654513665666222626616234433666154525613463464
 56436351624212126561252416646324156664655466566455562633626451655654242611561425
 63255531514562356113163231363112431324315164223223542115235546113245116625451114
 63613546434446664616611556656426616362224661561142632666664535326144366644612126
 11466256621352166414366661662622652666451515614554164154153335412562446416266534
 32431144361121211343113122615211565662421434655612333136236161341131412556344146
 24221254263331455426615653461442664661421644111643433226456423511111253356656633
 55216234115246356414621515461116526552252111166131533624413513466444113325334341
 36122562252631566366632665443615516666664266336265161251614265656534434652665423
 11125116526213155421115215636241363215111122431213424255151116256511421533111132
 26354162313331222364441151265446263562632354366524161265364636655135326444664645
 54362612315362664526462162445253562663133552652224662266433146426516611256443564
 51161122335361241131255111266514114131263123151214223125344234136532562215624144
 16223661525231215564125616314164166364436151161646241631562266566425156655663646
 63646624133611652356334623316264551343655156233461324615236654421455632446252526
 41142655452624151544666525666653656134562663361444634616466263556453632226456412
 64354214132216144446551416256456124546242513411165143325244213236124651232614123
 51413341663426322626254545251555616132231562434625542116634661352165366456512264
 41142624263336445165122662211564561653263535461266662161212351636625135316145264
 43242262411463454161521424142556213433114144413132114261614113123566111615361113
 46165256666312662612664543544266666523413343532613162556122532531313643166452632
 31215111242315445612121155121334555456414146513415631135151124613552433131123414
 61425324546341626263526632362642164536262126116626266163313416615261666261612613
 22636151321162626626636636136312464461433542624515461354356216446116151325566146
 15643266616644545352413162666656433641541535162536666265364251614366344416126362
 51161526134234553516141141661116216261214631426116613621111232253113334131113114
