 35626623236663562213451164331353154155362352541151435445162231445243112331425424
 56334233346323241441663135516244216523251223436414464166556514335311535646223263
 43243231212634455441345366515262426633153246525453426345336155326323531244136515
 46113636644416431114121535415233143441434114151262615151133551114551525346155214
 14433536325345133325143151522362144321342115511242156355446516113545513113564612
 16134112652653221111311661351512416116414612335446616116135325661512454155422266
 61111114556455531115524466126635145151446424311311214154656653451351434316141211
 43241645644322451534365313334512126123616341526562321142464154356251552415556545
 61114344652411425464644433416366316134432613645525212654325255215212554644242623
 44642464222633543122425243445612415644365562256551633556124524155542312261315254
 56634645326125512133252313232556553246162164544151365436642231115422321531214513
 32414312424434366432514624415661132553634411131613163555225614121366562343346341
 56345151551363323263436154622621644542531656221441623522314415412165342336352326
 21612233564335444361434452523465465611256623451121253522614354133523642543212223
 31413113451164346133121431653266341653321531315211623111265525563661324411542313
 16216336222112411643424662233513534551412613153156431221443633216654634225433142
 13125162354114663365111653251351164613142552342111512111336415615416114312641141
 33634116151652532443213461425552145555564552635112423162133621135514453142234144
 15525632323426316645342465162523464266322654524512345515325461146456422511252643
 16556311151155123165156114361661551511636145651361116136615165243225321345134314
